-0.4075082140647625 -0.12288192393545758 0
-0.38486864123555864 -0.1991734882924745 0
0.39299606460434744 0.08006622111595911 0
-0.0011926383781025523 0.406818734281631 0
0.2760353996246573 0.07029465018892185 0
0.008461057981189346 -0.4276357409089595 0
-0.059658256514377506 -0.07085717902436504 0
0.15952591098575333 -0.38287969159404694 0
0.29130230491848763 0.24487728212167018 0
-0.09650842430979523 0.05726602925813043 0
-0.09549912168035665 -0.4108365553339466 0
0.11471725140334935 0.30000689409850945 0
0.34251761397752256 0.1299301986014324 0
-0.15445503877302316 -0.3021199065211443 0
0.35343729621837017 -0.06145492144832786 0
-0.03317466646139113 -0.356258237805592 0
-0.14983653488644488 -0.3240801195179364 0
-0.26016640538159763 0.23269663729030554 0
0.12033102768280497 -0.17149084199263626 0
0.23058629971792938 0.16175732840363743 0
-0.22009698861406637 0.12628577718411207 0
-0.3015219064892052 0.04806456651634699 0
-0.015058147854021722 0.2512575421321768 0
0.2819786290678737 0.07526269203604041 0
-0.09702611210718651 0.12779495846233524 0
-0.36382722893886277 -0.14800011347848047 0
0.3783530450790492 0.11440268960242163 0
-0.09906612149847115 -0.3541296681692686 0
0.2394866656943376 0.05932454829885426 0
0.14106579838594335 0.33379603804735347 0
0.3668138013520593 0.19601135137780826 0
-0.09565832086823248 0.007237256430332316 0
-0.1613478903137064 0.24635669144230007 0
0.05344751189768475 0.3930692484025737 0
0.04550391664104155 -0.4412177612913719 0
-0.3456603249397912 -0.013976804721606399 0
0.04748874576848522 -0.040001772569481085 0
-0.3634482045800444 0.10828054302164321 0
0.023366473865476897 -0.25153261442114055 0
0.17996359150698768 -0.014519880774247908 0
0.05581571127205287 0.2721649583437566 0
-0.0723592315310165 0.4371599512271521 0
-0.39831791508853664 0.003690315181440313 0
0.2731219005716907 -0.16369018288206258 0
0.06414094633945906 -0.2536478905589221 0
0.09080385285943159 0.2751441767399316 0
0.004038979906360711 -0.18770491293585845 0
0.17053315127689236 0.3486166102114618 0
0.31605403681821537 -0.12312497435253672 0
-0.022354187674770615 -0.03502451245695324 0
0.3513349686042972 0.308414439393978 1
0.9200946833078779 0.4293777729531286 1
0.525544581337914 0.6995462154246915 1
0.09679057256780221 0.5837476515342156 1
0.7157204994430132 0.5308871058379577 1
0.20285663966568623 0.16724328914028558 1
0.4654952512843264 0.7923605260826581 1
0.2773195021036535 0.8602602432273647 1
0.5889872985054585 0.1469974906544188 1
0.7650451969674176 0.5707047539754014 1
0.1961395768928585 0.8210557934194556 1
0.5412673073265125 0.2597583115705695 1
0.4432246852529144 0.7164124848093503 1
0.6848824334360871 0.6750366564756929 1
0.2630250703043898 0.22844631939740223 1
0.6862354458096758 0.6969620206478432 1
0.197365240553381 0.32174935537000154 1
0.5732101427593111 0.47102017607530755 1
0.8026348646595658 0.7225501445978438 1
0.3466436884683487 0.29327728271372655 1
0.3666847920218858 0.6375878354603922 1
0.9065299212351978 0.4682317111214202 1
0.9295249161263281 0.5685414611543925 1
0.31930455611295105 0.10032104962606109 1
0.5147052506075732 0.34123961344976206 1
0.18576826482479086 0.7187602025908568 1
0.5225595422217907 0.2017611242212533 1
0.8966089432948655 0.6160257858860791 1
0.31198407194281297 0.788104255146368 1
0.5193017893289409 0.13597083897254758 1
0.41533647862435974 0.44424544194643595 1
0.5968854568218063 0.8108666140869073 1
0.5812850149741948 0.8128595860209284 1
0.7030246442420103 0.5515994338085755 1
0.7676240564799403 0.5277100013157527 1
0.301866997716659 0.21921871223623035 1
0.6874962663872081 0.26390283174276574 1
0.23719332250056596 0.22052552457560765 1
0.670875551986457 0.3646279912047524 1
0.8733317498107029 0.46419545898855846 1
0.5673233216358324 0.20103877350675642 1
0.31136084286613097 0.16074057626650218 1
0.2350275745615698 0.4234233769017491 1
0.3184063219174974 0.638178285789037 1
0.1946282700044072 0.6335221988534933 1
0.2108206627458417 0.7744731309210882 1
0.8787236766449955 0.6412724207851164 1
0.496086439221427 0.4791704437929782 1
0.34482068809538735 0.7427309558958763 1
0.2704364361504248 0.5132801078639898 1